FR4580 05 12 2021 18 00 05 12 2021 18 00 Madrid/ES Barcelona/ES 1101
FR4581 04 12 2021 16 35 04 12 2021 16 35 Seville/ES Barcelona/ES 1103
FR4582 03 12 2021 19 00 03 12 2021 19 00 Rome/IT Barcelona/ES 1103
FR4583 02 12 2021 06 30 02 12 2021 06 30 Seville/ES Rome/IT 1101
FR4584 01 12 2021 02 30 01 12 2021 02 30 Seville/ES Madrid/ES 1105
FR5585 06 12 2021 18 00 05 12 2021 18 00 Rome/IT Seville/ES 1105
FR5586 07 12 2021 18 00 05 12 2021 18 00 Rome/IT Madrid/ES 1104
FR5587 08 12 2021 18 00 05 12 2021 18 00 Madrid/ES Rome/IT 1102
FR5588 09 12 2021 18 00 05 12 2021 18 00 Madrid/ES Seville/ES 1104
FR5589 10 12 2021 18 00 05 12 2021 18 00 Barcelona/ES Madrid/ES 1102
